Orbit75 1990/08/25
File: c9023715.0ep
   LOCALTIME        LSHELL       UT
      18.3272      1.17134    55440000
      18.6627      1.18037    55500000
      19.0024      1.19381    55560000
      19.3441      1.21215    55620000
      19.6856      1.23555    55680000
      20.0245      1.26368    55740000
      20.3587      1.29581    55800000
      20.6860      1.33092    55860000
      21.0046      1.36806    55920000
      21.3131      1.40601    55980000
      21.6103      1.44447    56040000
      21.8954      1.48256    56100000
      22.1679      1.52050    56160000
      22.4276      1.55782    56220000
      22.6746      1.59496    56280000
      22.9090      1.63148    56340000
      23.1313      1.66783    56400000
      23.3418      1.70365    56460000
      23.5412      1.73905    56520000
      23.7300      1.77402    56580000
      23.9089      1.80879    56640000
    0.0783762      1.84302    56700000
     0.239086      1.87681    56760000
     0.391587      1.91016    56820000
     0.536423      1.94352    56880000
     0.674110      1.97625    56940000
     0.805130      2.00904    57000000
     0.929937      2.04131    57060000
      1.04895      2.07371    57120000
      1.16256      2.10568    57180000
      1.27113      2.13782    57240000
      1.37500      2.16961    57300000
      1.47446      2.20160    57360000
      1.56982      2.23333    57420000
      1.66133      2.26530    57480000
      1.74923      2.29709    57540000
      1.83376      2.32916    57600000
      1.91511      2.36096    57660000
      1.99348      2.39309    57720000
      2.06904      2.42492    57780000
      2.14197      2.45714    57840000
      2.21241      2.48924    57900000
      2.28050      2.52136    57960000
      2.34637      2.55355    58020000
      2.41014      2.58536    58080000
      2.47194      2.61741    58140000
      2.53185      2.64924    58200000
      2.58998      2.68073    58260000
      2.64642      2.71223    58320000
      2.70126      2.74329    58380000
      2.75457      2.77420    58440000
      2.80643      2.80524    58500000
      2.85691      2.83611    58560000
      2.90607      2.86674    58620000
      2.95397      2.89756    58680000
      3.00067      2.92824    58740000
      3.04623      2.95855    58800000
      3.09069      2.98912    58860000
      3.13410      3.01956    58920000
      3.17651      3.04982    58980000
      3.21796      3.07982    59040000
      3.25849      3.11000    59100000
      3.44855      3.25882    59400000
      3.62045      3.40475    59700000
      3.77725      3.54750    60000000
      3.92136      3.68682    60300000
      4.05469      3.82248    60600000
      4.17878      3.95426    60900000
      4.29487      4.08235    61200000
      4.40398      4.20604    61500000
      4.50698      4.32545    61800000
      4.60457      4.44091    62100000
      4.69736      4.55179    62400000
      4.78588      4.65865    62700000
      4.87057      4.76106    63000000
      4.95181      4.85953    63300000
      5.02994      4.95402    63600000
      5.10526      5.04431    63900000
      5.17802      5.13075    64200000
      5.24845      5.21344    64500000
      5.31676      5.29250    64800000
      5.38314      5.36805    65100000
      5.44773      5.44000    65400000
      5.51071      5.50877    65700000
      5.57219      5.57432    66000000
      5.63230      5.63700    66300000
      5.69115      5.69648    66600000
      5.74884      5.75297    66900000
      5.80548      5.80667    67200000
      5.86113      5.85769    67500000
      5.91590      5.90577    67800000
      5.96984      5.95111    68100000
      6.02303      5.99376    68400000
      6.07553      6.03413    68700000
      6.12741      6.07161    69000000
      6.17873      6.10648    69300000
      6.22953      6.13877    69600000
      6.27988      6.16876    69900000
      6.32981      6.19617    70200000
      6.37939      6.22097    70500000
      6.42865      6.24325    70800000
      6.47764      6.26303    71100000
      6.52640      6.28034    71400000
      6.57498      6.29551    71700000
      6.62341      6.30799    72000000
      6.67173      6.31796    72300000
      6.72000      6.32546    72600000
      6.76823      6.33049    72900000
      6.81648      6.33306    73200000
      6.86479      6.33316    73500000
      6.91318      6.33115    73800000
      6.96171      6.32643    74100000
      7.01041      6.31919    74400000
      7.05932      6.30945    74700000
      7.10848      6.29720    75000000
      7.15794      6.28245    75300000
      7.20774      6.26518    75600000
      7.25792      6.24538    75900000
      7.30853      6.22302    76200000
      7.35962      6.19843    76500000
      7.41124      6.17103    76800000
      7.46344      6.14097    77100000
      7.51629      6.10826    77400000
      7.56982      6.07289    77700000
      7.62412      6.03482    78000000
      7.67924      5.99404    78300000
      7.73526      5.95050    78600000
      7.79224      5.90417    78900000
      7.85028      5.85502    79200000
      7.90946      5.80300    79500000
      7.96987      5.74806    79800000
      8.03161      5.69041    80100000
      8.09479      5.62965    80400000
      8.15954      5.56572    80700000
      8.22598      5.49863    81000000
      8.29426      5.42832    81300000
      8.36455      5.35471    81600000
      8.43700      5.27771    81900000
      8.51183      5.19724    82200000
      8.58925      5.11318    82500000
      8.66950      5.02541    82800000
      8.75285      4.93382    83100000
      8.83963      4.83826    83400000
      8.93017      4.73858    83700000
      9.02488      4.63463    84000000
      9.12422      4.52622    84300000
      9.22872      4.41318    84600000
      9.33900      4.29533    84900000
      9.45578      4.17262    85200000
      9.57991      4.04467    85500000
      9.71240      3.91121    85800000
      9.85445      3.77213    86100000
      10.0075      3.62724    86400000
      10.1734      3.47637    86700000
      10.3543      3.31934    87000000
      10.5529      3.15602    87300000
      10.5950      3.12258    87360000
      10.6381      3.08889    87420000
      10.6820      3.05494    87480000
      10.7269      3.02073    87540000
      10.7727      2.98625    87600000
      10.8196      2.95149    87660000
      10.8676      2.91640    87720000
      10.9167      2.88118    87780000
      10.9669      2.84570    87840000
      11.0183      2.80997    87900000
      11.0710      2.77398    87960000
      11.1250      2.73774    88020000
      11.1803      2.70125    88080000
      11.2371      2.66450    88140000
      11.2954      2.62751    88200000
      11.3553      2.59021    88260000
      11.4167      2.55226    88320000
      11.4800      2.51373    88380000
      11.5450      2.47485    88440000
      11.6118      2.43585    88500000
      11.6807      2.39673    88560000
      11.7517      2.35750    88620000
      11.8248      2.31816    88680000
      11.9002      2.27870    88740000
      11.9781      2.23914    88800000
      12.0585      2.19947    88860000
      12.1416      2.15970    88920000
      12.2276      2.11983    88980000
      12.3165      2.07988    89040000
      12.4086      2.03994    89100000
      12.5041      2.00015    89160000
      12.6032      1.96031    89220000
      12.7060      1.92042    89280000
      12.8127      1.88044    89340000
      12.9238      1.84043    89400000
      13.0393      1.80040    89460000
      13.1596      1.76036    89520000
      13.2849      1.72038    89580000
      13.4156      1.68056    89640000
      13.5521      1.64089    89700000
      13.6947      1.60142    89760000
      13.8437      1.56219    89820000
      13.9996      1.52327    89880000
      14.1628      1.48473    89940000
      14.3337      1.44665    90000000
      14.5129      1.40919    90060000
      14.7008      1.37240    90120000
      14.8979      1.33647    90180000
      15.1046      1.30159    90240000
      15.3215      1.26803    90300000
      15.5489      1.23602    90360000
      15.7873      1.20592    90420000
      16.0370      1.17803    90480000
      16.2983      1.15270    90540000
      16.5711      1.13028    90600000
      16.8555      1.11107    90660000
      17.1511      1.09532    90720000
      17.4574      1.08320    90780000
      17.7735      1.07485    90840000
      18.0983      1.07036    90900000
      18.4304      1.06988    90960000
      18.7679      1.07362    91020000
      19.1088      1.08178    91080000
      19.4509      1.09446    91140000
